1 0.371681 0.741512 0.226792 0.358274
1 0.521265 0.621433 0.195915 0.343828
1 0.112735 0.372877 0.225469 0.476381
1 0.696912 0.790727 0.155377 0.230973
1 0.842154 0.704765 0.206523 0.332019
1 0.917431 0.606998 0.164062 0.296590
1 0.479769 0.391119 0.174677 0.321527
1 0.330185 0.429833 0.178538 0.377950
1 0.221612 0.168677 0.196869 0.296579
1 0.411731 0.114869 0.181431 0.196851
1 0.562281 0.106344 0.150546 0.177165
1 0.684362 0.103060 0.132215 0.170596
1 0.803065 0.127992 0.151515 0.223096
1 0.909708 0.157526 0.156338 0.274278
1 0.917912 0.297945 0.159238 0.284780
1 0.732135 0.399650 0.162131 0.307082
1 0.667958 0.553190 0.193977 0.364833
1 0.582065 0.305162 0.159238 0.293964
1 0.073473 0.079435 0.136069 0.125983
1 0.065446 0.183771 0.130892 0.292646
1 0.971258 0.559095 0.057485 0.232291
1 0.551665 0.850434 0.125454 0.143044
