0 0.658822 0.671289 0.141733 0.122044
0 0.566956 0.760533 0.152222 0.127289
0 0.963289 0.791378 0.049867 0.128622
1 0.448289 0.389156 0.594356 0.699467
0 0.139822 0.755289 0.156178 0.122044
0 0.111578 0.885867 0.181111 0.162756
0 0.257911 0.923267 0.211289 0.119422
0 0.543356 0.913422 0.202089 0.133867
0 0.839289 0.898333 0.211289 0.156133
0 0.095844 0.820244 0.175867 0.136489
0 0.367489 0.813044 0.167956 0.135156
0 0.568933 0.852400 0.179822 0.135200
0 0.654244 0.812378 0.153556 0.162711
0 0.822222 0.839289 0.177156 0.143022
0 0.872756 0.753333 0.165333 0.128622
0 0.763156 0.723133 0.150933 0.131244
