1 0.108943 0.377978 0.217887 0.347767
1 0.114191 0.654882 0.228383 0.318896
1 0.181872 0.854014 0.186043 0.291973
1 0.348411 0.812364 0.306071 0.374007
1 0.647730 0.823834 0.370582 0.352333
1 0.224638 0.225093 0.226553 0.314950
1 0.266645 0.493468 0.181546 0.263784
1 0.452688 0.414069 0.205546 0.335955
1 0.564461 0.603046 0.180043 0.320211
1 0.712993 0.618797 0.264057 0.359578
1 0.181872 0.138480 0.228057 0.254603
1 0.326660 0.200813 0.202539 0.332022
1 0.454936 0.173257 0.240057 0.316266
1 0.571965 0.150943 0.192043 0.234913
1 0.679241 0.360261 0.259560 0.314963
1 0.836773 0.427854 0.217546 0.360893
1 0.740000 0.228375 0.186043 0.185037
1 0.694241 0.249367 0.238553 0.255906
1 0.894539 0.872388 0.210043 0.255223
1 0.915759 0.748065 0.168482 0.313648
