0 0.414486 0.191570 0.128690 0.091859
0 0.604990 0.193539 0.120222 0.098422
0 0.695585 0.260461 0.098226 0.095797
0 0.429728 0.303773 0.125302 0.098422
0 0.531321 0.342492 0.121915 0.102359
0 0.629546 0.312961 0.115141 0.106297
0 0.765010 0.344461 0.121915 0.095797
0 0.820050 0.520305 0.157480 0.108922
0 0.673569 0.499969 0.155806 0.110250
0 0.607530 0.583961 0.145625 0.104984
0 0.803115 0.429102 0.150706 0.104984
0 0.438196 0.388414 0.142238 0.097109
0 0.564345 0.431727 0.140544 0.104984
0 0.460212 0.473070 0.128690 0.098422
0 0.477147 0.564273 0.138851 0.110234
0 0.495776 0.684352 0.149012 0.101047
0 0.690494 0.664664 0.138851 0.111547
0 0.817510 0.628570 0.172722 0.115484
