0 0.773417 0.709940 0.077167 0.110238
0 0.942067 0.686994 0.082333 0.119464
0 0.593350 0.868750 0.077167 0.112857
0 0.607317 0.614821 0.065433 0.106310
0 0.687433 0.602351 0.065400 0.094464
0 0.604017 0.730952 0.086700 0.112857
0 0.691833 0.719167 0.087467 0.110238
0 0.857183 0.702738 0.078633 0.106310
0 0.683017 0.856935 0.074233 0.123393
0 0.768617 0.847113 0.079367 0.132560
0 0.862700 0.836577 0.086733 0.132560
0 0.952350 0.824137 0.085233 0.126012
1 0.341283 0.404851 0.312367 0.626012
1 0.910100 0.428482 0.166800 0.360893
