0 0.099142 0.374013 0.149962 0.153544
0 0.368519 0.386483 0.142562 0.165354
0 0.364819 0.556429 0.159223 0.195540
0 0.237996 0.508528 0.144408 0.152236
0 0.201896 0.657475 0.116638 0.174537
0 0.075535 0.665354 0.110162 0.185038
0 0.116265 0.536745 0.141638 0.158790
0 0.527738 0.510496 0.103677 0.127296
0 0.497192 0.597110 0.122200 0.171908
0 0.476827 0.675851 0.138854 0.190284
0 0.610588 0.721783 0.160146 0.234907
0 0.765646 0.724411 0.153662 0.219160
0 0.622623 0.595142 0.119415 0.162737
0 0.632342 0.530185 0.094423 0.161418
0 0.725838 0.539368 0.112938 0.161418
0 0.747592 0.606292 0.147185 0.161418
