0 0.814855 0.540656 0.068109 0.108962
0 0.689109 0.440929 0.048909 0.103716
0 0.729727 0.486202 0.067236 0.128579
0 0.744127 0.520301 0.073345 0.099727
0 0.794345 0.578716 0.053273 0.082678
0 0.822273 0.620738 0.056764 0.077432
0 0.884727 0.588552 0.064655 0.104973
0 0.621436 0.458005 0.053273 0.072186
0 0.629727 0.505874 0.062873 0.070874
0 0.823145 0.614153 0.067236 0.093224
1 0.127145 0.347760 0.135382 0.366120
1 0.201382 0.497350 0.124873 0.232295
1 0.283018 0.591858 0.120509 0.300546
1 0.273855 0.394973 0.077745 0.171913
1 0.315782 0.477022 0.124873 0.267705
1 0.425818 0.532131 0.107418 0.286120
1 0.565527 0.506530 0.100436 0.250656
1 0.466855 0.486858 0.095164 0.282131
1 0.412273 0.434344 0.125782 0.261148
