0 0.498302 0.696164 0.110229 0.090547
0 0.300573 0.516367 0.117229 0.087922
0 0.420427 0.521617 0.129479 0.080047
0 0.597156 0.553117 0.108479 0.085297
0 0.103719 0.696164 0.118979 0.087922
0 0.213958 0.717820 0.119000 0.102359
0 0.336448 0.732250 0.122479 0.097125
0 0.457177 0.755219 0.129479 0.087938
0 0.384562 0.665977 0.117250 0.085297
1 0.363562 0.179758 0.309708 0.286078
0 0.513167 0.621359 0.129500 0.093187
0 0.384562 0.601023 0.113750 0.089234
0 0.238448 0.572805 0.122479 0.087922
0 0.175458 0.628578 0.112000 0.078750
0 0.279573 0.658102 0.103229 0.082672
