0 0.303198 0.507188 0.111979 0.074812
0 0.425677 0.522930 0.115479 0.082672
0 0.509667 0.620703 0.126000 0.099750
0 0.498302 0.693539 0.127729 0.087922
0 0.457177 0.756531 0.118979 0.098437
0 0.338187 0.735531 0.112000 0.093187
0 0.385427 0.669258 0.118979 0.086609
0 0.388052 0.599055 0.113729 0.085297
0 0.239323 0.570836 0.124229 0.086609
0 0.176333 0.633828 0.117250 0.078750
0 0.283073 0.655477 0.106729 0.080047
0 0.211333 0.711258 0.120750 0.083984
0 0.101969 0.694195 0.118979 0.083984
1 0.360062 0.177789 0.313208 0.287391
