0 0.443451 0.420581 0.102902 0.127323
0 0.552980 0.416641 0.097804 0.119444
0 0.659471 0.417298 0.109059 0.123384
0 0.770039 0.417298 0.108000 0.118131
0 0.882627 0.423207 0.109020 0.124697
0 0.866314 0.343813 0.104941 0.112879
0 0.749137 0.339874 0.094745 0.102374
0 0.632471 0.332652 0.093725 0.095808
0 0.744549 0.277551 0.093725 0.090556
0 0.842882 0.286717 0.088667 0.114141
0 0.738451 0.218460 0.077451 0.074798
0 0.835235 0.223712 0.091725 0.077424
1 0.287529 0.246692 0.157961 0.246717
1 0.782255 0.616768 0.142627 0.162727
